## name = blanked600
Time	A1	B1	C1	D1	E1	F1	G1	H1
0:04:55	0.000	0.014	0.022	0.014	0.018	0.024	0.012	0.017
0:09:55	0.000	0.013	0.022	0.015	0.016	0.023	0.012	0.017
0:14:55	0.000	0.013	0.023	0.015	0.017	0.024	0.012	0.017
0:19:55	0.000	0.014	0.024	0.015	0.017	0.024	0.013	0.018
0:24:55	0.000	0.015	0.025	0.017	0.019	0.025	0.014	0.020
0:29:55	0.000	0.016	0.027	0.018	0.020	0.029	0.016	0.022
0:34:55	0.000	0.017	0.028	0.019	0.021	0.028	0.017	0.023
0:39:55	0.000	0.019	0.030	0.021	0.023	0.029	0.019	0.026
0:44:55	0.000	0.021	0.032	0.022	0.025	0.031	0.021	0.028
0:49:55	0.000	0.023	0.035	0.025	0.028	0.033	0.023	0.031
0:54:55	0.000	0.025	0.038	0.027	0.031	0.036	0.025	0.035
0:59:55	0.000	0.028	0.042	0.030	0.034	0.039	0.027	0.038
1:04:55	0.000	0.031	0.045	0.033	0.037	0.042	0.030	0.043
1:09:55	0.000	0.034	0.048	0.037	0.040	0.047	0.035	0.048
1:14:55	0.000	0.039	0.054	0.041	0.045	0.051	0.039	0.053
1:19:55	0.000	0.043	0.058	0.047	0.050	0.057	0.043	0.059
1:24:55	0.000	0.048	0.065	0.055	0.056	0.063	0.049	0.067
1:29:55	0.000	0.054	0.071	0.061	0.064	0.070	0.056	0.074
1:34:55	0.000	0.060	0.078	0.068	0.071	0.079	0.064	0.082
1:39:55	0.000	0.067	0.088	0.075	0.078	0.084	0.072	0.091
1:44:55	0.000	0.075	0.094	0.083	0.088	0.095	0.079	0.101
1:49:55	0.000	0.084	0.104	0.092	0.097	0.106	0.089	0.111
1:54:55	0.000	0.093	0.115	0.104	0.108	0.116	0.100	0.123
1:59:55	0.000	0.104	0.128	0.116	0.119	0.127	0.108	0.133
2:04:55	0.000	0.113	0.136	0.127	0.131	0.138	0.120	0.147
2:09:55	0.000	0.124	0.147	0.137	0.142	0.144	0.131	0.158
2:14:55	0.000	0.135	0.159	0.150	0.156	0.154	0.139	0.169
2:19:55	0.000	0.148	0.173	0.162	0.166	0.170	0.156	0.182
2:24:55	0.000	0.159	0.184	0.172	0.177	0.183	0.165	0.193
2:29:55	0.000	0.171	0.197	0.183	0.190	0.189	0.178	0.204
2:34:55	0.000	0.183	0.206	0.198	0.202	0.197	0.186	0.215
2:39:55	0.000	0.195	0.220	0.206	0.210	0.213	0.198	0.221
2:44:55	0.000	0.204	0.224	0.218	0.219	0.218	0.210	0.231
2:49:55	0.000	0.214	0.237	0.226	0.229	0.229	0.217	0.237
2:54:55	0.000	0.224	0.248	0.233	0.237	0.238	0.226	0.242
2:59:55	0.000	0.232	0.256	0.237	0.246	0.249	0.235	0.251
3:04:55	0.000	0.240	0.263	0.252	0.255	0.260	0.243	0.258
3:09:55	0.000	0.250	0.274	0.256	0.262	0.265	0.251	0.269
3:14:55	0.000	0.259	0.282	0.265	0.272	0.274	0.261	0.277
3:19:55	0.000	0.271	0.295	0.272	0.283	0.284	0.269	0.288
3:24:55	0.000	0.275	0.303	0.284	0.292	0.292	0.278	0.298
3:29:55	0.000	0.283	0.309	0.293	0.303	0.305	0.285	0.306
3:34:55	0.000	0.292	0.324	0.302	0.311	0.313	0.296	0.314
3:39:55	0.000	0.301	0.332	0.310	0.320	0.319	0.303	0.323
3:44:55	0.000	0.309	0.338	0.318	0.328	0.332	0.312	0.330
3:49:55	0.000	0.318	0.347	0.330	0.338	0.339	0.324	0.339
3:54:55	0.000	0.325	0.356	0.337	0.347	0.350	0.330	0.347
3:59:55	0.000	0.329	0.362	0.346	0.353	0.357	0.335	0.354
4:04:55	0.000	0.341	0.370	0.352	0.359	0.364	0.347	0.360
4:09:55	0.000	0.347	0.374	0.360	0.365	0.373	0.353	0.366
4:14:55	0.000	0.351	0.378	0.366	0.371	0.381	0.358	0.374
4:19:55	0.000	0.359	0.385	0.372	0.375	0.382	0.365	0.379
4:24:55	0.000	0.361	0.390	0.375	0.379	0.386	0.369	0.383
4:29:55	0.000	0.368	0.394	0.383	0.386	0.385	0.376	0.388
4:34:55	0.000	0.372	0.399	0.389	0.391	0.394	0.382	0.394
4:39:55	0.000	0.376	0.404	0.392	0.393	0.402	0.387	0.401
4:44:55	0.000	0.385	0.409	0.399	0.403	0.409	0.393	0.403
4:49:55	0.000	0.389	0.416	0.402	0.405	0.411	0.396	0.409
4:54:55	0.000	0.391	0.415	0.405	0.404	0.414	0.403	0.412
4:59:55	0.000	0.390	0.422	0.412	0.413	0.419	0.405	0.417
5:04:55	0.000	0.402	0.425	0.416	0.419	0.415	0.408	0.422
5:09:55	0.000	0.402	0.433	0.420	0.420	0.430	0.413	0.424
5:14:55	0.000	0.413	0.437	0.426	0.426	0.436	0.420	0.430
5:19:55	0.000	0.414	0.437	0.430	0.429	0.437	0.423	0.433
5:24:55	0.000	0.424	0.443	0.439	0.432	0.438	0.427	0.437
5:29:55	0.000	0.426	0.447	0.444	0.437	0.442	0.431	0.440
5:34:55	0.000	0.432	0.449	0.445	0.441	0.449	0.434	0.441
5:39:55	0.000	0.433	0.451	0.448	0.442	0.448	0.436	0.446
5:44:55	0.000	0.439	0.449	0.454	0.446	0.449	0.441	0.449
5:49:55	0.000	0.441	0.451	0.454	0.447	0.459	0.445	0.453
5:54:55	0.000	0.442	0.456	0.457	0.452	0.460	0.446	0.459
5:59:55	0.000	0.446	0.459	0.461	0.456	0.467	0.450	0.467
6:04:55	0.000	0.449	0.464	0.463	0.459	0.466	0.455	0.472
6:09:55	0.000	0.452	0.472	0.469	0.463	0.472	0.461	0.477
6:14:55	0.000	0.454	0.469	0.470	0.466	0.473	0.463	0.481
6:19:55	0.000	0.459	0.477	0.472	0.468	0.482	0.468	0.485
6:24:55	0.000	0.465	0.484	0.480	0.473	0.486	0.471	0.491
6:29:55	0.000	0.470	0.485	0.486	0.478	0.484	0.476	0.493
6:34:55	0.000	0.469	0.488	0.486	0.481	0.490	0.479	0.498
6:39:55	0.000	0.475	0.490	0.489	0.489	0.495	0.483	0.501
6:44:55	0.000	0.477	0.498	0.492	0.494	0.499	0.486	0.504
6:49:55	0.000	0.481	0.500	0.496	0.497	0.503	0.491	0.508
6:54:55	0.000	0.484	0.502	0.500	0.501	0.504	0.496	0.511
6:59:55	0.000	0.486	0.503	0.500	0.505	0.508	0.498	0.517
7:04:55	0.000	0.489	0.508	0.509	0.506	0.511	0.504	0.523
7:09:55	0.000	0.491	0.511	0.515	0.508	0.516	0.508	0.527
7:14:55	0.000	0.495	0.514	0.515	0.513	0.518	0.512	0.530
7:19:55	0.000	0.498	0.518	0.521	0.519	0.523	0.520	0.538
7:24:55	0.000	0.500	0.520	0.525	0.524	0.527	0.521	0.541
7:29:55	0.000	0.504	0.524	0.530	0.526	0.535	0.528	0.545
7:34:55	0.000	0.507	0.527	0.534	0.532	0.538	0.534	0.548
7:39:55	0.000	0.511	0.533	0.542	0.539	0.543	0.543	0.554
7:44:55	0.000	0.513	0.537	0.547	0.539	0.550	0.546	0.559
7:49:55	0.000	0.516	0.536	0.552	0.541	0.553	0.554	0.564
7:54:55	0.000	0.520	0.542	0.554	0.544	0.560	0.557	0.570
7:59:55	0.000	0.523	0.543	0.559	0.548	0.562	0.559	0.576
8:04:55	0.000	0.527	0.548	0.566	0.551	0.567	0.566	0.582
8:09:55	0.000	0.530	0.550	0.569	0.558	0.572	0.572	0.587
8:14:55	0.000	0.534	0.555	0.573	0.561	0.577	0.575	0.593
8:19:55	0.000	0.536	0.559	0.579	0.563	0.580	0.577	0.598
8:24:55	0.000	0.538	0.562	0.584	0.569	0.587	0.581	0.608
8:29:55	0.000	0.538	0.567	0.588	0.576	0.590	0.587	0.612
8:34:55	0.000	0.546	0.571	0.594	0.582	0.595	0.592	0.618
8:39:55	0.000	0.550	0.577	0.600	0.584	0.596	0.593	0.627
8:44:55	0.000	0.552	0.580	0.603	0.593	0.602	0.597	0.629
8:49:55	0.000	0.555	0.587	0.608	0.597	0.606	0.601	0.633
8:54:55	0.000	0.557	0.588	0.612	0.602	0.611	0.601	0.637
8:59:55	0.000	0.564	0.595	0.618	0.602	0.614	0.607	0.642
9:04:55	0.000	0.567	0.599	0.622	0.610	0.618	0.612	0.645
9:09:55	0.000	0.575	0.605	0.628	0.616	0.627	0.619	0.650
9:14:55	0.000	0.576	0.606	0.632	0.622	0.630	0.624	0.653
9:19:55	0.000	0.583	0.613	0.638	0.627	0.636	0.630	0.658
9:24:55	0.000	0.583	0.614	0.642	0.631	0.641	0.635	0.661
9:29:55	0.000	0.590	0.617	0.647	0.633	0.644	0.639	0.663
9:34:55	0.000	0.593	0.622	0.650	0.636	0.647	0.644	0.664
9:39:55	0.000	0.596	0.627	0.656	0.644	0.655	0.650	0.671
9:44:55	0.000	0.601	0.630	0.659	0.647	0.662	0.653	0.673
9:49:55	0.000	0.606	0.634	0.666	0.654	0.666	0.659	0.680
9:54:55	0.000	0.613	0.638	0.669	0.657	0.671	0.664	0.685
9:59:55	0.000	0.618	0.644	0.674	0.661	0.675	0.668	0.689
10:04:55	0.000	0.622	0.649	0.681	0.665	0.683	0.675	0.695
10:09:55	0.000	0.626	0.652	0.684	0.668	0.687	0.679	0.696
10:14:55	0.000	0.631	0.657	0.692	0.671	0.693	0.684	0.702
10:19:55	0.000	0.636	0.661	0.694	0.672	0.698	0.689	0.704
10:24:55	0.000	0.642	0.665	0.698	0.681	0.703	0.693	0.708
10:29:55	0.000	0.648	0.673	0.705	0.688	0.708	0.702	0.713
10:34:55	0.000	0.651	0.677	0.706	0.693	0.713	0.704	0.716
10:39:55	0.000	0.656	0.680	0.712	0.694	0.716	0.710	0.718
10:44:55	0.000	0.664	0.686	0.719	0.704	0.720	0.718	0.728
10:49:55	0.000	0.668	0.692	0.723	0.708	0.723	0.723	0.729
10:54:55	0.000	0.673	0.695	0.726	0.710	0.728	0.727	0.732
10:59:55	0.000	0.681	0.701	0.733	0.715	0.732	0.731	0.739
11:04:55	0.000	0.688	0.703	0.738	0.720	0.735	0.735	0.746
11:09:55	0.000	0.692	0.708	0.743	0.727	0.742	0.739	0.750
11:14:55	0.000	0.696	0.714	0.745	0.729	0.744	0.744	0.754
11:19:55	0.000	0.706	0.720	0.752	0.735	0.747	0.748	0.759
11:24:55	0.000	0.714	0.729	0.759	0.741	0.756	0.756	0.768
11:29:55	0.000	0.720	0.734	0.763	0.747	0.760	0.761	0.776
11:34:55	0.000	0.720	0.737	0.765	0.749	0.763	0.762	0.777
11:39:55	0.000	0.724	0.741	0.771	0.752	0.767	0.767	0.782
11:44:55	0.000	0.727	0.746	0.776	0.758	0.773	0.775	0.788
11:49:55	0.000	0.732	0.750	0.780	0.761	0.779	0.776	0.794
11:54:55	0.000	0.738	0.755	0.783	0.766	0.784	0.780	0.797
11:59:55	0.000	0.742	0.757	0.788	0.768	0.788	0.783	0.799
12:04:55	0.000	0.750	0.765	0.795	0.774	0.794	0.790	0.807
12:09:55	0.000	0.755	0.770	0.795	0.776	0.796	0.791	0.809
12:14:55	0.000	0.762	0.775	0.801	0.776	0.801	0.796	0.812
12:19:55	0.000	0.768	0.780	0.807	0.781	0.808	0.802	0.819
12:24:55	0.000	0.776	0.786	0.810	0.791	0.813	0.809	0.824
12:29:55	0.000	0.781	0.789	0.814	0.794	0.818	0.813	0.828
12:34:55	0.000	0.788	0.795	0.818	0.796	0.822	0.815	0.833
12:39:55	0.000	0.795	0.804	0.822	0.803	0.827	0.822	0.839
12:44:55	0.000	0.799	0.807	0.822	0.805	0.831	0.824	0.846
12:49:55	0.000	0.801	0.810	0.827	0.812	0.836	0.828	0.849
12:54:55	0.000	0.808	0.812	0.830	0.815	0.839	0.832	0.866
12:59:55	0.000	0.815	0.815	0.833	0.819	0.845	0.836	0.868
13:04:55	0.000	0.821	0.818	0.835	0.824	0.848	0.839	0.869
13:09:55	0.000	0.825	0.823	0.841	0.828	0.854	0.844	0.871
13:14:55	0.000	0.829	0.827	0.843	0.830	0.859	0.847	0.874
13:19:55	0.000	0.838	0.834	0.849	0.835	0.863	0.852	0.881
13:24:55	0.000	0.849	0.836	0.853	0.839	0.866	0.857	0.883
13:29:55	0.000	0.869	0.841	0.857	0.844	0.871	0.862	0.890
13:34:55	0.000	0.865	0.841	0.861	0.844	0.875	0.864	0.889
13:39:55	0.000	0.870	0.842	0.864	0.847	0.879	0.868	0.893
13:44:55	0.000	0.874	0.846	0.868	0.854	0.885	0.871	0.894
13:49:55	0.000	0.878	0.851	0.875	0.859	0.889	0.878	0.900
13:54:55	0.000	0.880	0.853	0.876	0.859	0.892	0.879	0.901
13:59:55	0.000	0.885	0.857	0.882	0.864	0.894	0.884	0.904
14:04:55	0.000	0.889	0.861	0.887	0.867	0.898	0.887	0.907
14:09:55	0.000	0.896	0.867	0.895	0.874	0.903	0.895	0.913
14:14:55	0.000	0.883	0.867	0.895	0.873	0.904	0.895	0.913
14:19:55	0.000	0.890	0.871	0.903	0.876	0.910	0.898	0.917
14:24:55	0.000	0.898	0.876	0.906	0.881	0.915	0.902	0.920
14:29:55	0.000	0.901	0.881	0.909	0.886	0.923	0.906	0.926
14:34:55	0.000	0.906	0.884	0.926	0.888	0.927	0.912	0.928
14:39:55	0.000	0.908	0.885	0.915	0.889	0.925	0.915	0.927
14:44:55	0.000	0.911	0.887	0.920	0.892	0.929	0.918	0.930
14:49:55	0.000	0.914	0.893	0.924	0.898	0.935	0.924	0.936
14:54:55	0.000	0.917	0.896	0.927	0.902	0.939	0.927	0.938
14:59:55	0.000	0.917	0.897	0.932	0.902	0.937	0.929	0.939
15:04:55	0.000	0.923	0.901	0.935	0.905	0.942	0.932	0.942
15:09:55	0.000	0.926	0.905	0.936	0.908	0.948	0.935	0.945
15:14:55	0.000	0.927	0.906	0.941	0.911	0.950	0.938	0.947
15:19:55	0.000	0.929	0.908	0.941	0.912	0.953	0.939	0.947
15:24:55	0.000	0.932	0.911	0.955	0.915	0.956	0.942	0.950
15:29:55	0.000	0.934	0.914	0.946	0.916	0.958	0.945	0.952
15:34:55	0.000	0.939	0.919	0.955	0.922	0.962	0.951	0.955
15:39:55	0.000	0.942	0.920	0.953	0.921	0.964	0.953	0.957
15:44:55	0.000	0.945	0.924	0.961	0.925	0.967	0.957	0.962
15:49:55	0.000	0.946	0.926	0.961	0.928	0.968	0.959	0.964
15:54:55	0.000	0.948	0.928	0.961	0.931	0.971	0.961	0.966
15:59:55	0.000	0.953	0.931	0.963	0.932	0.975	0.965	0.967
16:04:55	0.000	0.955	0.934	0.970	0.934	0.976	0.965	0.970
16:09:55	0.000	0.959	0.937	0.973	0.938	0.980	0.968	0.972
16:14:55	0.000	0.962	0.936	0.971	0.941	0.981	0.969	0.967
16:19:55	0.000	0.963	0.940	0.978	0.943	0.985	0.973	0.973
16:24:55	0.000	0.963	0.940	0.974	0.943	0.984	0.972	0.975
16:29:55	0.000	0.965	0.942	0.978	0.946	0.989	0.976	0.978
16:34:55	0.000	0.972	0.947	0.983	0.952	0.992	0.980	1.013
16:39:55	0.000	0.976	0.950	0.985	0.954	0.996	0.983	0.990
16:44:55	0.000	0.973	0.946	0.982	0.953	0.996	0.983	0.988
16:49:55	0.000	0.981	0.951	0.987	0.957	1.002	0.987	0.988
16:54:55	0.000	0.984	0.954	0.991	0.962	1.002	0.989	0.994
16:59:55	0.000	0.985	0.955	0.990	0.961	1.001	0.992	0.995
17:04:55	0.000	0.986	0.956	0.994	0.959	1.002	0.992	0.995
17:09:55	0.000	0.992	0.960	1.005	0.966	1.007	0.997	1.002
17:14:55	0.000	0.992	0.960	1.006	0.965	1.009	0.998	1.001
17:19:55	0.000	0.995	0.962	1.006	0.967	1.013	1.002	1.006
17:24:55	0.000	0.997	0.963	1.005	0.967	1.011	0.999	1.006
17:29:55	0.000	0.994	0.961	1.005	0.966	1.010	0.999	1.013
17:34:55	0.000	0.997	0.965	1.006	0.970	1.014	1.000	1.008
17:39:55	0.000	0.999	0.967	1.009	0.974	1.016	1.005	1.013
17:44:55	0.000	0.999	0.966	1.007	0.973	1.016	1.005	1.012
17:49:55	0.000	1.000	0.968	1.008	0.975	1.019	1.007	1.013
17:54:55	0.000	1.005	0.972	1.012	0.980	1.022	1.012	1.022
17:59:55	0.000	1.007	0.972	1.013	0.980	1.022	1.014	1.026
18:04:55	0.000	1.007	0.972	1.013	0.981	1.022	1.013	1.024
18:09:55	0.000	1.012	0.979	1.016	0.983	1.026	1.017	1.030
18:14:55	0.000	1.012	0.977	1.018	0.982	1.025	1.018	1.031
18:19:55	0.000	1.011	0.979	1.017	0.980	1.024	1.018	1.029
18:24:55	0.000	1.012	0.979	1.020	0.983	1.028	1.021	1.035
18:29:55	0.000	1.013	0.980	1.020	0.982	1.027	1.017	1.034
18:34:55	0.000	1.014	0.983	1.022	0.985	1.029	1.020	1.037
18:39:55	0.000	1.014	0.984	1.023	0.985	1.029	1.023	1.038
18:44:55	0.000	1.019	0.985	1.024	0.987	1.031	1.021	1.070
18:49:55	0.000	1.026	0.986	1.026	0.991	1.032	1.027	1.050
18:54:55	0.000	1.026	0.987	1.024	0.992	1.034	1.028	1.045
18:59:55	0.000	1.030	0.990	1.026	0.998	1.038	1.031	1.047
19:04:55	0.000	1.032	0.990	1.025	0.996	1.040	1.031	1.046
19:09:55	0.000	1.031	0.990	1.024	0.996	1.040	1.031	1.044
19:14:55	0.000	1.030	0.991	1.024	1.014	1.040	1.029	1.043
19:19:55	0.000	1.035	0.996	1.026	1.015	1.042	1.032	1.050
19:24:55	0.000	1.032	0.995	1.022	1.007	1.040	1.033	1.047
19:29:55	0.000	1.035	1.000	1.024	1.008	1.042	1.036	1.054
19:34:55	0.000	1.039	0.998	1.023	1.005	1.040	1.036	1.052
19:39:55	0.000	1.041	1.003	1.026	1.009	1.043	1.039	1.058
19:44:55	0.000	1.044	1.006	1.028	1.009	1.046	1.040	1.060
19:49:55	0.000	1.041	1.001	1.023	1.004	1.042	1.038	1.054
19:54:55	0.000	1.045	1.003	1.026	1.006	1.044	1.041	1.056
19:59:55	0.000	1.044	1.004	1.025	1.003	1.044	1.040	1.056
20:04:55	0.000	1.044	1.002	1.023	1.002	1.044	1.042	1.055
20:09:55	0.000	1.044	1.005	1.025	1.004	1.044	1.046	1.061
20:14:55	0.000	1.042	1.003	1.022	1.003	1.043	1.042	1.057
20:19:55	0.000	1.042	1.002	1.022	1.001	1.045	1.041	1.057
20:24:55	0.000	1.042	1.004	1.022	1.003	1.046	1.042	1.060
20:29:55	0.000	1.046	1.006	1.023	1.003	1.046	1.042	1.061
20:34:55	0.000	1.045	1.005	1.023	1.000	1.045	1.041	1.060
20:39:55	0.000	1.048	1.028	1.022	1.001	1.046	1.041	1.062
20:44:55	0.000	1.052	1.078	1.024	1.002	1.048	1.044	1.063
20:49:55	0.000	1.054	1.082	1.025	1.002	1.050	1.046	1.065
20:54:55	0.000	1.055	1.073	1.024	1.001	1.048	1.044	1.064
20:59:55	0.000	1.052	1.076	1.023	0.999	1.047	1.044	1.064
21:04:55	0.000	1.054	1.073	1.024	0.999	1.047	1.045	1.066
21:09:55	0.000	1.056	1.069	1.025	1.000	1.048	1.048	1.071
21:14:55	0.000	1.052	1.065	1.022	0.998	1.048	1.044	1.068
21:19:55	0.000	1.054	1.064	1.026	0.999	1.048	1.046	1.070
21:24:55	0.000	1.054	1.062	1.026	0.999	1.049	1.048	1.074
21:29:55	0.000	1.055	1.057	1.027	0.999	1.045	1.045	1.072
21:34:55	0.000	1.059	1.056	1.028	0.999	1.050	1.047	1.075
21:39:55	0.000	1.064	1.055	1.032	0.999	1.049	1.048	1.078
21:44:55	0.000	1.061	1.052	1.030	0.997	1.046	1.044	1.076
21:49:55	0.000	1.058	1.051	1.026	0.994	1.044	1.040	1.072
21:54:55	0.000	1.058	1.049	1.027	0.995	1.044	1.040	1.076
21:59:55	0.000	1.055	1.046	1.022	0.993	1.043	1.039	1.072
22:04:55	0.000	1.053	1.044	1.024	0.993	1.044	1.039	1.073
22:09:55	0.000	1.056	1.042	1.023	0.992	1.043	1.040	1.072
22:14:55	0.000	1.057	1.043	1.024	0.995	1.044	1.040	1.077
22:19:55	0.000	1.053	1.038	1.020	0.990	1.040	1.044	1.070
22:24:55	0.000	1.056	1.038	1.021	0.991	1.042	1.040	1.074
22:29:55	0.000	1.056	1.036	1.020	0.991	1.040	1.039	1.074
22:34:55	0.000	1.052	1.033	1.018	0.988	1.040	1.035	1.070
22:39:55	0.000	1.055	1.031	1.019	0.990	1.039	1.034	1.072
22:44:55	0.000	1.062	1.034	1.021	0.993	1.043	1.041	1.078
22:49:55	0.000	1.064	1.034	1.021	0.992	1.043	1.040	1.082
22:54:55	0.000	1.066	1.031	1.021	0.993	1.046	1.041	1.084
22:59:55	0.000	1.067	1.032	1.023	0.994	1.045	1.045	1.085
23:04:55	0.000	1.067	1.030	1.024	0.994	1.045	1.044	1.087
23:09:55	0.000	1.065	1.029	1.024	0.994	1.045	1.045	1.087
23:14:55	0.000	1.063	1.028	1.025	0.994	1.043	1.044	1.088
23:19:55	0.000	1.057	1.026	1.024	0.994	1.043	1.041	1.088
23:24:55	0.000	1.067	1.026	1.026	0.996	1.044	1.046	1.093
23:29:55	0.000	1.067	1.029	1.028	0.997	1.045	1.047	1.098
23:34:55	0.000	1.069	1.028	1.028	0.996	1.047	1.049	1.100
23:39:55	0.000	1.131	1.024	1.024	0.993	1.042	1.045	1.092
23:44:55	0.000	1.070	1.024	1.027	0.996	1.044	1.045	1.095
23:49:55	0.000	1.073	1.021	1.026	0.993	1.045	1.044	1.098
23:54:55	0.000	1.066	1.018	1.023	0.990	1.041	1.038	1.091
23:59:55	0.000	1.066	1.018	1.024	0.991	1.042	1.041	1.096
24:04:55	0.000	1.061	1.016	1.021	0.989	1.040	1.038	1.093
24:09:55	0.000	1.061	1.014	1.021	0.988	1.041	1.037	1.093
24:14:55	0.000	1.063	1.015	1.023	0.989	1.042	1.039	1.096
24:19:55	0.000	1.062	1.016	1.022	0.988	1.039	1.037	1.096
24:24:55	0.000	1.064	1.014	1.023	0.990	1.040	1.043	1.099
24:29:55	0.000	1.063	1.013	1.026	0.988	1.042	1.043	1.101
24:34:55	0.000	1.061	1.012	1.024	0.988	1.040	1.043	1.106
24:39:55	0.000	1.063	1.010	1.025	0.988	1.042	1.041	1.105
24:44:55	0.000	1.064	1.010	1.024	0.988	1.040	1.042	1.107
24:49:55	0.000	1.065	1.009	1.022	0.987	1.039	1.044	1.108
24:54:55	0.000	1.065	1.009	1.023	0.985	1.039	1.043	1.111
24:59:55	0.000	1.074	1.010	1.023	0.985	1.039	1.046	1.116
25:04:55	0.000	1.071	1.010	1.024	0.984	1.038	1.043	1.115
25:09:55	0.000	1.072	1.010	1.025	0.987	1.037	1.043	1.120
25:14:55	0.000	1.069	1.010	1.024	0.985	1.035	1.039	1.114
25:19:55	0.000	1.078	1.011	1.029	0.990	1.040	1.047	1.125
25:24:55	0.000	1.078	1.011	1.029	0.988	1.040	1.043	1.128
25:29:55	0.000	1.117	1.010	1.029	0.986	1.038	1.043	1.129
25:34:55	0.000	1.166	1.010	1.029	0.987	1.036	1.044	1.131
25:39:55	0.000	1.165	1.009	1.031	0.985	1.037	1.044	1.126
25:44:55	0.000	1.160	1.007	1.030	0.984	1.036	1.041	1.132
25:49:55	0.000	1.156	1.005	1.029	0.985	1.039	1.041	1.137
25:54:55	0.000	1.151	1.004	1.031	0.987	1.038	1.040	1.143
25:59:55	0.000	1.147	1.004	1.045	0.986	1.039	1.040	1.142
26:04:55	0.000	1.144	1.004	1.030	0.987	1.038	1.043	1.146